0 0.46634615384615385 0.5060096153846154 0.37259615384615385 0.9591346153846154
0 0.7572115384615384 0.6334134615384616 0.08774038461538461 0.22596153846153846
0 0.859375 0.6430288461538461 0.10336538461538461 0.20072115384615385
0 0.9615384615384616 0.6466346153846154 0.07692307692307693 0.20673076923076922
0 0.8509615384615384 0.8677884615384616 0.11298076923076923 0.23677884615384615
0 0.7235576923076923 0.8713942307692307 0.10576923076923077 0.2403846153846154
0 0.039663461538461536 0.07692307692307693 0.07932692307692307 0.15384615384615385
0 0.12620192307692307 0.07692307692307693 0.0985576923076923 0.15384615384615385
0 0.22355769230769232 0.07692307692307693 0.07211538461538461 0.15384615384615385
0 0.30408653846153844 0.0829326923076923 0.08413461538461539 0.1658653846153846
0 0.06850961538461539 0.23197115384615385 0.08052884615384616 0.21033653846153846
0 0.22596153846153846 0.25240384615384615 0.08533653846153846 0.20072115384615385
0 0.30408653846153844 0.265625 0.06850961538461539 0.2091346153846154
0 0.6766826923076923 0.09735576923076923 0.09375 0.19471153846153846
0 0.703125 0.3076923076923077 0.09375 0.20552884615384615
0 0.7872596153846154 0.3245192307692308 0.07932692307692307 0.21634615384615385
0 0.8533653846153846 0.3173076923076923 0.07572115384615384 0.21394230769230768
0 0.9338942307692307 0.3449519230769231 0.109375 0.18509615384615385
0 0.7572115384615384 0.10216346153846154 0.12259615384615384 0.203125
0 0.8353365384615384 0.10336538461538461 0.12740384615384615 0.20192307692307693
0 0.9230769230769231 0.10817307692307693 0.15384615384615385 0.1971153846153846