0 0.16706730769230768 0.22115384615384615 0.23076923076923078 0.33653846153846156
0 0.203125 0.5877403846153846 0.2920673076923077 0.15504807692307693
0 0.22596153846153846 0.8209134615384616 0.31009615384615385 0.21153846153846154
0 0.5216346153846154 0.8040865384615384 0.2283653846153846 0.23557692307692307
0 0.7331730769230769 0.8569711538461539 0.1502403846153846 0.14903846153846154
0 0.8605769230769231 0.8653846153846154 0.1141826923076923 0.14423076923076922
0 0.4074519230769231 0.5697115384615384 0.17668269230769232 0.20552884615384615
0 0.6298076923076923 0.5600961538461539 0.27163461538461536 0.21153846153846154
0 0.6370192307692307 0.23918269230769232 0.29447115384615385 0.2800480769230769
0 0.8786057692307693 0.23798076923076922 0.13701923076923078 0.32091346153846156
0 0.8413461538461539 0.5372596153846154 0.18028846153846154 0.24519230769230768