0 0.7379807692307693 0.4110576923076923 0.23317307692307693 0.1658653846153846
0 0.16105769230769232 0.6346153846153846 0.32211538461538464 0.34615384615384615
0 0.2536057692307692 0.40865384615384615 0.1201923076923077 0.08533653846153846
0 0.4206730769230769 0.5901442307692307 0.3161057692307692 0.15504807692307693
0 0.4375 0.36538461538461536 0.12379807692307693 0.07451923076923077
0 0.4182692307692308 0.46634615384615385 0.2091346153846154 0.109375
0 0.5528846153846154 0.3329326923076923 0.09375 0.06129807692307692
0 0.59375 0.2283653846153846 0.0889423076923077 0.1310096153846154
0 0.8305288461538461 0.11177884615384616 0.3389423076923077 0.21394230769230768
0 0.22596153846153846 0.8497596153846154 0.4519230769230769 0.2860576923076923
0 0.5985576923076923 0.5144230769230769 0.11057692307692307 0.29086538461538464