0 0.19831730769230768 0.6153846153846154 0.38822115384615385 0.33413461538461536
0 0.6622596153846154 0.2091346153846154 0.0673076923076923 0.14182692307692307
0 0.7872596153846154 0.42788461538461536 0.23557692307692307 0.203125
0 0.5 0.3557692307692308 0.12139423076923077 0.08533653846153846
0 0.31971153846153844 0.3798076923076923 0.08052884615384616 0.07451923076923077
0 0.47716346153846156 0.46634615384615385 0.1935096153846154 0.08774038461538461
0 0.4675480769230769 0.578125 0.28125 0.15264423076923078
0 0.6466346153846154 0.5240384615384616 0.0625 0.2776442307692308
0 0.7752403846153846 0.5612980769230769 0.0889423076923077 0.10096153846153846
0 0.29447115384615385 0.8149038461538461 0.39302884615384615 0.1875
0 0.6141826923076923 0.328125 0.08413461538461539 0.08052884615384616